 11   2   0   8
 21  35  24  25
 18   4   6 130
 30  36  49  76
  2  11   0  10
  0  11   8  10
  7  19  31  48
 98  28 112 114
 87  65 109 118
 18  15   4  14
114 112 119 131
 26  55 103 146
 63  42 142  67
 63  30  69 105
  9   3   1  12
 21  25 107 126
 17   5  19  16
 29  28  98 114
 17   5   7  19
 39  29  92 121
 13   9   1  12
  9  74  78  84
 17  19  48  94
  3  13   1  12
 18  14 130 143
  5   4  64 102
 24  21  25 107
 42  69 117 147
 31  19  44  48
 21  35  25  33
 10  14  40  66
 33  21 115 126
  0  20  32  62
 55  26  27 146
 29  28  31  39
 58  46  87 118
 48  53  94 119
 73  77 125 135
  7  31  39  48
 37  28  31  95
 46  35  90 121
 23  22  34  20
 46  29  93 118
 98 129 116 132
  8   0  10  43
 38  42  69 117
 41  56   5  57
 71  34 103 110
 28  37  31  39
 94 132 119  68
107 136 127 113
 28  29  37  39
  9  59  85 108
 56  52  57  79
 18  15  47 102
 37  31  39  49
 64  47  83 144
  5  17  41  57
 11   8  10  43
 51   3  97 106
  5   4   7  64
  8   0  43  62
 36  30  38  26
 37  31  49  95
 34  55  71 103
 78  74  81 138
 35  25  33  46
 54  41  57  79
 81 141  78 138
 30  36  27  26
  0  10  14  40
 49  60  95 125
 21  35  33  20
  4   6  14  40
 35  33  20  32
 39  31  30  49
 42  63 142  69
 55  27  71 146
 23  22  20  62
 34  35  20  32
  5  17   7  41
 29  37  92  93
 22  34  20  32
  0   2  10  40
  6   0  14  40
  3  13  12  79
 63  18  69 143
 29  31  98 116
 31 114 116 132
  9  13 133 145
 39  30  38  49
 35  23  34  20
 35  24  23  20
 35  21  24  20
  2  40  45 104
 81  78 123 145
 60  49  76 125
 11  40  61  66
 81  74  82 138
  2   0   8  59
 27  50  63  67
  2  11  10  40
115  81 126 136
 38  36  26 146
 40  61  15 104
 78  84 138 141
 16   5  56  57
 30  36  38  49
 52  16  56  57
 22  23  34  55
 12  79  88 106
 10   0  22  43
  7  17  19  48
 74   9  78 145
 27  55  71  89
 13  12  82 145
 20  22  32  62
  0  32  43  62
  4  18   6  64
 13  41  54  79
 56  51  97 106
 22   0  32  43
 73  27  76  77
 50  63  67 147
 74  82 101 145
 13  79 134 140
 55  23  71  89
 13  81  82  86
 63  50  15 143
 22  23  43  62
 46  65  87 118
 74 101 127 137
 98  31 114 116
 49  73  76 125
  7   5  41  51
 32  22  43  62
 78  33  81 123
 73  49  95 125
 65  24  87 109
  4   6   7  64
  0   8  20  62
114  98 116 132
 11   8  43  62
100  73 125 135
 27  30  73  76
129  98 119 132
 17   5  16  57
 44  48  94 119
  3  79 106 134
 35  65  90  91
115  81 141  78
 41  17  54  57
 44  48 119 132
 74  12   9 145
111 138 113 107
 40   4  45 104
 49  36  60  76
  8   0   9  59
  3   9   1  59
  9   0   1  59
 56  41   5  51
 46  90 120 121
119  48 129 132
 11  10  40  66
 23  34  55  71
 59  11  85 108
 30  38  26 142
 24  21 107 113
112  98 114 119
118  99 120 124
 37  28  92  93
109 118 120 124
 59   2  72  85
 61  40  15  66
 40  15  66  14
103  71 110 146
  3   9  59  85
 38  26 103 146
 90 120 128 139
 48  53 119 129
 79  56  88 106
 18  63  69 105
 12   3  79 106
 46  35  65  90
 92  29  93 121
 40  15  14   4
 49  31  73  95
 92  93 118 121
 41  51 106 140
 36  30  27  76
 38  22  32 103
 48 116 129 132
 16  47 102 144
 64   5 102 144
 55  71 103 146
 24 107 111 113
 90  39  92 121
104  15  40   4
 29  37  39  92
 50  67 143 147
 13  41  79 140
 42  38  69 142
 30  49  73  76
  3  59  72  85
 29  28  37  93
137 107 127 138
 94 132  44 119
 30  63  69 142
 81 127 136 138
 81  82 127 138
 82  74 101 127
 31  30  49  73
 42  14  67 143
 74  81 145  78
 23  43  62  96
 37  39  92 128
 14  42  67  80
 81  74 145  82
 43  11  62  96
127 107 113 138
 51   3 106 140
 56  52  79  88
 47  15  70 102
 15  18  63 143
  9   3  12  85
  4  18  64 102
 15  50  67 143
 46  25  58  87
 73  95 100 125
 11  59   8 108
 31  73  95 100
 11   2  59  85
127  74 137 138
 47  18  64  83
 67  42 143 147
 28  31  95 100
 13   3   1 134
 44  31  48 132
 90  91 120 139
 98 114 119 132
 41   7  51 122
 42  63  69 147
 34  22  55 103
  3  13  79 134
 69  63 143 147
 16  47  70 102
 35  46  65  87
 24  35  65  87
 35  25  46  87
 35  24  25  87
 94 132  68  44
 22  26  55 103
 38  26  22 103
 33  35  46 121
 51   5  56  97
  9   8  59 108
 21 113 115 126
 29  46  93 121
106   3 134 140
 92 118 120 121
 79  41 106 140
 22  34  32 103
113 115 126 136
 17  48  53  94
 36  27  26 146
 19  44  48  94
 44  16  68  94
136 127 113 138
 19  16  44  94
 19  17  16  94
 14  15  67 143
 21 107 113 126
 37  49  60  95
 81 141 138 136
 81 115 141 136
 65 109 118 120
 31  39  48 116
 92  93  99 120
  7   5  64 144
 81  13  82 145
 28  92  93  99
 31  29  98 114
 40  11  61 104
 18  47  64 102
 48  31 116 132
107 136 113 126
  2  11  40 104
 15  18   4 102
 81 115  33  78
 12  74 101 145
 29  46  58 118
 93  92 118 120
 12   9  85 108
113 141 136 138
 11  75  85 108
 63  27  67 142
 75  12  85 108
 63  30  27 142
  5  16 102 144
  5   7  19 144
 59  11   8   2
 38  30  69 142
 41  51  56 106
 41  56  57 106
 57  56  79 106
 41  57  79 106
111 138 107 137
 82  12 101 145
 81  82  86 127
 51  41 122 140
 28  29  31 114
 42  67  80 142
 99  93 118 120
 82  74 127 138
113 141 115 136
118  46 120 121
 76  73  77 125
 27  30  26 142
 79 106 134 140
 65  90  91 120
  4  18  14 130
 47  64 102 144
  5  19  16 144
 31  29  39 116
115  81  33 126
  9  13   1 133
 68 132 119 131
 63  50 143 147
 92  90 120 128
 46  65 118 120
 18  15  14 143
 90  92 120 121
 13   9  12 145
 63  42  67 147
 74  78  84 138
 25  21  33 126
  6   4  14 130
 65  46  90 120
 93  46 118 121
 86  81 127 136
119 114 131 132
 39  90  92 128