      -13       -13         0
      -13       -13        26
      -13      -9.5       3.5
      -13      -9.5      22.5
      -13       9.5       3.5
      -13       9.5      22.5
      -13        13         0
      -13        13        26
     -9.5       -13       3.5
     -9.5       -13      22.5
     -9.5      -9.5         0
     -9.5      -9.5       3.5
     -9.5      -9.5      22.5
     -9.5      -9.5        26
     -9.5       9.5         0
     -9.5       9.5       3.5
     -9.5       9.5      22.5
     -9.5       9.5        26
     -9.5        13       3.5
     -9.5        13      22.5
      9.5       -13       3.5
      9.5       -13      22.5
      9.5      -9.5         0
      9.5      -9.5       3.5
      9.5      -9.5      22.5
      9.5      -9.5        26
      9.5       9.5         0
      9.5       9.5       3.5
      9.5       9.5      22.5
      9.5       9.5        26
      9.5        13       3.5
      9.5        13      22.5
       13       -13         0
       13       -13        26
       13      -9.5       3.5
       13      -9.5      22.5
       13       9.5       3.5
       13       9.5      22.5
       13        13         0
       13        13        26
      -13      1.75      1.75
   -11.25      1.75        26
     1.75     11.25         0
        0      -9.5      1.75
        0     11.25      22.5
      -13    1.8853       3.5
    11.25     -1.75        26
     -9.5     11.25        13
0.0413452   10.9842        26
       13     11.25     11.25
     1.75       9.5       3.5
      -13      1.75     24.25
     -9.5      1.75      22.5
 0.156094       9.5        26
     -9.5    1.8853        26
      9.5         0      1.75
  -10.904   1.87824      22.5
     -9.5    2.0113   24.6205
      9.5   -1.8853        26
      -13    -11.25     14.75
       13       9.5   11.1147
     -9.5    1.8853       3.5
 0.311788  -11.1926       3.5
  1.56385   11.5381       3.5
 -10.9848        13    13.045
  10.9382  -1.69257      22.5
     -9.5    2.0113    2.1205
  1.87824       9.5   2.09599
 -0.15984       9.5      22.5
     1.75        13      1.75
     -9.5       9.5   12.8402
  11.1926  0.311788       3.5
      -13      -9.5   14.8853
      9.5   10.9382   11.3074
        0    -11.25      22.5
     -9.5      -9.5   14.8853
  11.6205       9.5   10.9887
      9.5       9.5   11.4388
-0.224446       -13   23.9429
     -9.5  -3.74435   23.5603
   1.8853       9.5         0
-0.224446  -10.9429        26
 -0.26822      -9.5   24.2994
     -9.5        13   13.1598
-0.112894       -13      22.5
 -10.8795      -9.5   15.0113
-0.112894      -9.5        26
      9.5   -2.0113   24.6205
     -9.5  -3.64751      22.5
      9.5  0.157195       3.5
       13  -1.40152   23.7598
       13  -1.30412      22.5
  11.9691   3.90372      22.5
      9.5   4.08739   23.4971
-0.314389       9.5   24.1921
  10.5603       9.5   16.7444
 0.157195      -9.5       3.5
      -13    1.8853      22.5
  4.59281       9.5    25.096
      9.5   3.99632      22.5
      9.5       9.5   16.6475
  0.15984      -9.5      22.5
 -11.1921       9.5   12.6856
       13  0.358313   1.96648
 -11.6205    2.0113       3.5
  1.43032        13       3.5
 -11.8818  -3.42996      22.5
  4.61589      -9.5   23.3997
     -9.5  -11.5626   14.6969
      9.5   -1.5612      22.5
       13  0.476874       3.5
  4.53371      -9.5      22.5
  4.82992       9.5      22.5
   4.3015  -12.0424      22.5
  4.90719    10.346      22.5
  4.21403       -13      22.5
  4.51024       9.5        26
   1.6147        13         0
      9.5   1.03804   24.0588
  2.13921       9.5   24.6441
  11.3775  0.692188      22.5
       13   -1.6147        26
      -13    1.6147        26
-0.383489       -13        26
      9.5  0.895671      22.5
  11.0904       9.5   13.8665
  4.85339      -9.5        26
  2.17383      -9.5   23.8496
       13   3.80956      22.5
  2.01536       9.5        26
     -9.5        13         0
  2.33504       9.5      22.5
   2.4536    10.798      22.5
     -9.5       -13        26
      -13      -9.5        26
      9.5       9.5   13.7213
  2.37025      -9.5        26
  2.05057      -9.5      22.5
  1.85945  -11.5925      22.5
       13  0.543995      22.5
      -13  -3.42996        26
  1.73089       -13      22.5
  5.69265       9.5         0
 -3.94265        13         0
     -9.5        13   17.8299
 -4.94174       -13        26
       13   4.98844       3.5
 -1.16397        13         0