-0.09533114 -0.09533114 0 0.0073331646 -0.45990068 -0.45990068 0 0.035376975 -0.032755825 -0.032755825 0 0.0025196788 -0 -0 0 0 -12.412012 -12.412012 0 0.95477018
-0.25993019 -0.25993019 0.51986038 0.01999463 -7.1557037 -7.1557037 14.311407 0.55043874 -0.044224336 -0.044224336 0.088448673 0.003401872 -5.5401418 -5.5401418 11.080284 0.42616476 -0 -0 0 0
-0.11835731 -0.086491879 0.031865429 0.0091044083 -1.1374093 -0.83118375 0.30622559 0.087493026 -0.74351547 -0.54333822 0.20017724 0.057193497 -0.50818279 -0.37136435 0.13681844 0.039090984 -10.492535 -7.6676218 2.8249133 0.80711808
-0.17820701 -0.1302282 0.30843521 0.013708232 -7.0775337 -5.1720439 12.249578 0.54442567 -0.023384166 -0.017088429 0.040472595 0.001798782 -4.967249 -3.6299128 8.5971618 0.38209608 -0.75362606 -0.55072673 1.3043528 0.057971235
-0.96328021 0.70393554 0.25934467 0.074098478 -0.16364656 0.11958787 0.044058689 0.012588197 -11.30581 8.2619384 3.043872 0.86967772 -0 0 0 0 -0.56726283 0.41453822 0.15272461 0.043635603
-9.8298271 7.1833352 17.013162 0.75614055 -1.8363622 1.341957 3.1783191 0.14125863 -1.2787342 0.93445963 2.2131939 0.098364171 -0.0027357856 0.001999228 0.0047350136 0.00021044505 -0.052340675 0.038248955 0.090589631 0.0040262058
-0 0 0 0 -0 0 0 0 -13 13 0 1 -0 0 0 0 -0 0 0 0
-12.151157 12.151157 24.302313 0.93470435 -0.6632449 0.6632449 1.3264898 0.051018839 -0.18559851 0.18559851 0.37119703 0.014276809 -0 0 0 0 -0 0 0 0
-0.077384348 -0.10589437 0.028510023 0.0081457208 -0.81206652 -1.1112489 0.2991824 0.085480687 -0.063619208 -0.087057863 0.023438655 0.0066967587 -1.505474 -2.0601223 0.55464832 0.15847095 -7.0414559 -9.6356765 2.5942206 0.74120589
-0.19929863 -0.27272444 0.47202308 0.020978803 -4.8214785 -6.5978127 11.419291 0.50752405 -0.027479802 -0.03760394 0.065083743 0.0028926108 -3.9521086 -5.4081486 9.3602573 0.41601143 -0.49963442 -0.68371027 1.1833447 0.052593097
-0.074526875 -0.074526875 0 0.0078449342 -0.31845193 -0.31845193 0 0.033521256 -0.65322229 -0.65322229 0 0.068760241 -0.054012117 -0.054012117 0 0.005685486 -8.3997868 -8.3997868 0 0.88418808
-0.078289856 -0.078289856 0.028843631 0.0082410375 -0.68046431 -0.68046431 0.25069738 0.071627823 -0.46552162 -0.46552162 0.17150797 0.049002276 -0.38312218 -0.38312218 0.14115028 0.040328651 -7.892602 -7.892602 2.9078007 0.83080021
-0.16537312 -0.16537312 0.39167318 0.017407697 -5.0145565 -5.0145565 11.876581 0.52784805 -0.019440836 -0.019440836 0.046044085 0.0020464038 -3.7654858 -3.7654858 8.9182559 0.39636693 -0.53514378 -0.53514378 1.2674458 0.056330925
-0.16726334 -0.16726334 0.45777336 0.017606668 -5.1316828 -5.1316828 14.044605 0.54017713 -0.017311066 -0.017311066 0.047377653 0.0018222174 -3.8255066 -3.8255066 10.469807 0.4026849 -0.35823626 -0.35823626 0.98043607 0.03770908
-0.2393945 0.2393945 0 0.025199421 -0.042794122 0.042794122 0 0.0045046444 -8.1775957 8.1775957 0 0.86079955 -0 0 0 0 -1.0402156 1.0402156 0 0.10949638
-0.61209915 0.61209915 0.22551021 0.064431489 -0.065716068 0.065716068 0.024211183 0.0069174808 -8.1359152 8.1359152 2.9974424 0.85641213 -0.0011649161 0.0011649161 0.00042917961 0.00012262275 -0.68510466 0.68510466 0.25240698 0.07211628
-7.7321334 7.7321334 18.312948 0.81390878 -1.2546795 1.2546795 2.9716094 0.13207153 -0.49188081 0.49188081 1.1649809 0.051776927 -0 0 0 0 -0.021306228 0.021306228 0.05046212 0.0022427609
-7.4358675 7.4358675 20.350795 0.78272289 -1.821021 1.821021 4.9838468 0.19168642 -0.22112422 0.22112422 0.60518208 0.023276234 -0 0 0 0 -0.021987337 0.021987337 0.06017587 0.0023144565
-0.77767291 1.064184 0.28651107 0.081860306 -0 0 0 0 -8.1949771 11.214179 3.0192021 0.86262917 -0 0 0 0 -0.52735 0.72163684 0.19428684 0.055510526
-8.319341 11.384361 19.703702 0.87572011 -0.56237238 0.76956221 1.3319346 0.059197093 -0.52152029 0.71365934 1.2351796 0.054896872 -0.027220127 0.037248595 0.064468722 0.0028652765 -0.069546204 0.09516849 0.16471469 0.0073206531
0 -0 0 0 0 -0 0 0 0 -0 0 0 9.5 -13 3.5 1 0 -0 0 0
0.72784517 -0.99599865 1.7238438 0.076615281 0.6700171 -0.9168655 1.5868826 0.070528116 0.0012221315 -0.0016723905 0.0028945221 0.00012864542 8.1009156 -11.085463 19.186379 0.85272796 0 -0 0 0
0 -0 0 0 0 -0 0 0 0 -0 0 0 0 -0 0 0 9.5 -9.5 0 1
0.031684322 -0.031684322 0.011673171 0.0033351918 0.0035643567 -0.0035643567 0.0013131841 0.00037519545 0.0034196512 -0.0034196512 0.0012598715 0.00035996328 5.7841041 -5.7841041 2.1309857 0.60885306 3.6772276 -3.6772276 1.3547681 0.38707659
0.91338002 -0.91338002 2.1632685 0.096145265 0.5105669 -0.5105669 1.2092374 0.053743884 0.0020217731 -0.0020217731 0.0047884101 0.00021281822 8.0623044 -8.0623044 19.094931 0.84866362 0.011726938 -0.011726938 0.027774328 0.0012344146
1.14851 -1.14851 3.1432906 0.12089579 0.7294393 -0.7294393 1.9963602 0.076783085 0.0064722108 -0.0064722108 0.017713419 0.00068128535 7.5522052 -7.5522052 20.669193 0.79496897 0.063373218 -0.063373218 0.17344249 0.0066708651
1.0728183 1.0728183 0 0.11292825 0 0 0 0 1.1796114 1.1796114 0 0.12416962 1.3629034 1.3629034 0 0.14346351 5.8846669 5.8846669 0 0.61943862
1.4271626 1.4271626 0.52579674 0.15022764 0.0052997141 0.0052997141 0.0019525263 0.00055786464 1.1456726 1.1456726 0.42208991 0.12059712 1.8852263 1.8852263 0.69455705 0.19844487 5.0366388 5.0366388 1.8556038 0.53017251
8.2178145 8.2178145 19.463245 0.8650331 0.033026187 0.033026187 0.078219916 0.0034764407 0.11254275 0.11254275 0.26654862 0.011846605 0.77120695 0.77120695 1.8265428 0.081179679 0.36540964 0.36540964 0.86544388 0.038464172
8.4613864 8.4613864 23.157479 0.89067225 0.020848868 0.020848868 0.057060061 0.0021946177 0.039943412 0.039943412 0.10931881 0.0042045697 0.82615118 0.82615118 2.2610453 0.086963282 0.15167016 0.15167016 0.41509728 0.01596528
1.6669616 2.2811054 0.61414376 0.17546965 0.012198215 0.016692294 0.0044940791 0.0012840226 1.2316492 1.6854146 0.45376548 0.12964728 2.1859495 2.9912993 0.80534981 0.23009994 4.4032415 6.0254884 1.6222469 0.46349911
8.6542961 11.842721 20.497017 0.91097853 0 0 0 0 0.13142603 0.17984615 0.31127218 0.013834319 0.3132381 0.42864162 0.74187972 0.032972432 0.40103978 0.54879128 0.94983107 0.042214714
0 -0 0 0 0 -0 0 0 0 -0 0 0 6.8438376 -6.8438376 0 0.52644905 6.1561624 -6.1561624 0 0.47355095
1.1434061 -1.1434061 2.2868122 0.087954315 0.39789555 -0.39789555 0.7957911 0.03060735 0 -0 0 0 11.458698 -11.458698 22.917397 0.88143834 0 -0 0 0
0.18988855 -0.13876471 0.05112384 0.014606811 0.035577622 -0.025999032 0.0095785906 0.0027367402 0.051352544 -0.037526859 0.013825685 0.0039501957 6.1464403 -4.4916294 1.6548108 0.4728031 6.576741 -4.80608 1.770661 0.50590315
1.3225069 -0.96644734 2.2889542 0.1017313 0.40722213 -0.2975854 0.70480753 0.031324779 0.0029042823 -0.0021223601 0.0050266425 0.00022340633 11.267367 -8.2338449 19.501212 0.86672052 0 -0 0 0
2.0483178 1.4968476 0.55147017 0.15756291 0.0092451667 0.0067560834 0.0024890833 0.00071116667 1.3522359 0.9881724 0.36406352 0.10401815 2.8104931 2.0538219 0.75667121 0.21619178 6.7797081 4.954402 1.825306 0.521516
10.830557 7.9146382 18.745196 0.83311981 0.051635751 0.037733818 0.089369569 0.0039719808 0.1565545 0.11440521 0.27095972 0.012042654 1.3669414 0.99891869 2.36586 0.10514934 0.59431091 0.43430413 1.028615 0.045716224
1.5672634 1.5672634 0 0.12055872 0.0091255178 0.0091255178 0 0.00070196291 1.4095548 1.4095548 0 0.10842729 2.7970306 2.7970306 0 0.2151562 7.2170257 7.2170257 0 0.55515583
12.900746 12.900746 25.801493 0.9923651 0 0 0 0 0 0 0 0 0.099253719 0.099253719 0.19850744 0.0076349015 0 0 0 0
0 11.052641 22.105281 0.98245694 0 0 0 0 0 0.08736482 0.17472964 0.0077657618 0 0.00040788552 0.00081577104 3.6256491e-05 0 0.10958668 0.21917335 0.0097410378
-0.16360648 -0.19374451 0.22388255 0.017221735 -3.3791533 -4.0016289 4.6241045 0.35570035 -0 -0 0 0 -2.8956684 -3.429081 3.9624937 0.3048072 -3.0615718 -3.6255455 4.1895193 0.32227071
5.4516724 4.6036345 6.2997103 0.4845931 0.036512038 0.030832388 0.042191689 0.0032455145 0.79392866 0.67042865 0.91742867 0.070571437 1.9429037 1.6406742 2.2451332 0.17270255 3.0249832 2.5544302 3.4955361 0.26888739
-0.31178835 9.5 24.192565 1 -0 0 0 0 -0 0 0 0 -0 0 0 0 -0 0 0 0
-0.14703626 0.019793343 0.019793343 0.011310482 -0.21208012 0.028549247 0.028549247 0.016313856 -7.4936367 1.0087588 1.0087588 0.57643359 -0 0 0 0 -5.1472469 0.69289862 0.69289862 0.39594207
4.3083841 -0.67019309 9.9571544 0.38296748 0.1212328 -0.018858435 0.28018246 0.010776249 0.044171212 -0.0068710775 0.10208458 0.00392633 6.7745265 -1.0538152 15.656684 0.60218014 0.0016853143 -0.00026216 0.0038949485 0.00014980571
0.15154136 1.1257358 0.15154136 0.086595063 0.0006794195 0.0050471163 0.0006794195 0.00038823972 0.70381867 5.2283673 0.70381867 0.4021821 0.1011982 0.75175808 0.1011982 0.057827545 0.79276234 5.8890917 0.79276234 0.45300705
-0.11817468 0.020385515 0.035597162 0.010170618 -0.15898674 0.027425728 0.047890774 0.013683078 -6.803164 1.1735678 2.0492828 0.58550937 -0 0 0 0 -4.5388977 0.78297456 1.3672293 0.39063693
6.3417191 5.3381976 6.4512091 0.48782454 0.03357184 0.028259391 0.034151459 0.0025824492 0.89371833 0.75229524 0.90914841 0.068747564 2.1140702 1.7795372 2.1505697 0.16262079 3.6169205 3.0445746 3.6793668 0.27822466
-0.16512922 -0.16512922 0.22874464 0.017382023 -3.4339832 -3.4339832 4.7569124 0.36147192 -0.010624235 -0.010624235 0.014717181 0.0011183405 -2.8620582 -2.8620582 3.9646555 0.30126929 -3.0282051 -3.0282051 4.1948098 0.31875843
-0.22108559 -0.18680388 0.22178873 0.017006584 -4.7732857 -4.0331361 4.7884667 0.36717582 -0.06562919 -0.055452673 0.065837917 0.0050483992 -3.5296153 -2.9823102 3.5408409 0.27150887 -4.4103842 -3.7265064 4.424411 0.33926033
4.2505507 -0.65772494 8.7434211 0.38859649 0.092002059 -0.014236284 0.18924906 0.0084110695 0.042580832 -0.0065889051 0.087589155 0.0038928513 6.5463255 -1.0129703 13.465851 0.59848225 0.0067526063 -0.0010448899 0.013890172 0.00061734098
0.93902128 0.12640671 0.12640671 0.072232406 0.010648191 0.0014334104 0.0014334104 0.00081909164 0.75753218 0.10197549 0.10197549 0.058271706 1.8761034 0.25255238 0.25255238 0.14431565 9.4166949 1.267632 1.267632 0.72436115
0 -0.46191661 1.1791029 0.048622802 0 -3.021668 7.7132051 0.31807031 0 -0.010785987 0.027532652 0.0011353671 0 -5.9791433 15.26255 0.6293835 0 -0.026486166 0.067609423 0.0027880174
-0.19131046 0.025753331 0.35686759 0.014716189 -12.690279 1.7083068 23.672252 0.97617533 -0.062782462 0.0084514853 0.11711344 0.0048294202 -0.055627785 0.0074883557 0.10376721 0.0042790604 -0 0 0 0
-0 0 0 0 -11.25 1.75 26 1 -0 0 0 0 -0 0 0 0 -0 0 0 0
3.7383757 -0.61435425 8.8540477 0.39351323 0.085397588 -0.014034002 0.20225745 0.0089892198 0.035817733 -0.0058861865 0.084831474 0.0037702877 5.6385331 -0.92662082 13.354421 0.5935298 0.0018758785 -0.00030827664 0.0044428701 0.00019746089
-0.52101703 10.733775 25.614053 0.98515588 -0.0036583839 0.075368499 0.17985216 0.006917391 -0 0 0 0 -0.0029429679 0.060629796 0.14468114 0.0055646591 -0.0012492219 0.025735948 0.0614138 0.0023620692
-0.13730978 0.019838493 0.036968016 0.01056229 -0.19504598 0.02818021 0.052512379 0.015003537 -7.5533489 1.0913066 2.0335939 0.58102684 -0.002522067 0.00036438781 0.00067901803 0.00019400515 -5.1117733 0.73854814 1.3762467 0.39321333
-0.25527763 0.039605572 0.5251468 0.023339858 -10.348583 1.605552 21.288684 0.94616374 -0.054085278 0.0083911713 0.11126204 0.0049449796 -0.23834254 0.036978141 0.4903086 0.021791493 -0.041123871 0.0063802472 0.084598359 0.0037599271
-0.22394451 -0.16365175 0.22663345 0.0172265 -4.773517 -3.4883393 4.8308336 0.36719361 -0.051499919 -0.037634556 0.05211829 0.0039615323 -3.6629258 -2.6767535 3.7069073 0.28176352 -4.2881128 -3.1336209 4.3396011 0.32985483
-6.0820833 7.0281852 7.974287 0.54062963 -0.18290565 0.21135763 0.23980962 0.01625828 -4.8586141 5.6143985 6.3701829 0.43187681 -0.016230911 0.018755719 0.021280527 0.0014427476 -0.11016601 0.12730294 0.14443988 0.009792534
-0.28089755 0.059265055 0.7279452 0.029568163 -9.1009113 1.9201521 23.584986 0.95799066 -0.041277852 0.0087089908 0.10697144 0.004345037 -0.066072537 0.013940287 0.17122679 0.0069550039 -0.010840773 0.0022872361 0.028093833 0.001141134
0.00229065 -0.55858446 1.3221193 0.050850742 0.01393919 -3.3991292 8.0454337 0.30943976 5.2276688e-05 -0.012747886 0.030173103 0.001160504 0.028715795 -7.0024652 16.574207 0.63746948 4.862834e-05 -0.011858222 0.028067346 0.0010795133
0.17486437 1.0136874 0.30534796 0.087242274 0.00088111709 0.0051078291 0.0015386056 0.00043960161 0.79139697 4.5877223 1.3819365 0.39483899 0.12454115 0.72196411 0.21747361 0.062135318 0.91267004 5.2907414 1.5937034 0.45534382
0.67969113 0.12520626 0.25041252 0.071546435 0.0037720165 0.00069484515 0.0013896903 0.00039705437 0.58134259 0.10708942 0.21417885 0.061193956 0.065266827 0.012022837 0.024045673 0.0068701923 8.1699274 1.5049866 3.0099733 0.85999236
0.19135539 0.80781591 0.18405787 0.085033253 0.00075470564 0.0031860259 0.00072592424 0.00033537115 0.86745955 3.6620219 0.83437817 0.38547599 0.14029155 0.5922475 0.1349414 0.062341842 1.0504983 4.4347286 1.0104365 0.46681354
-5.1717328 7.0771081 8.1034507 0.54439293 -0.20760346 0.28408894 0.32528834 0.021852996 -4.0311596 5.5163237 6.3163169 0.42433259 -0.016877097 0.023094974 0.026444274 0.0017765365 -0.072627002 0.099384319 0.11379732 0.0076449476
-5.0430829 5.8061342 7.8018654 0.53085083 -0.28834155 0.33196951 0.44607674 0.030351742 -4.0881488 4.7067124 6.3245415 0.43033146 -0.017250523 0.019860639 0.026687298 0.0018158445 -0.063176151 0.072735114 0.097736214 0.0066501212
-0.0076035394 -0.45191336 1.0703211 0.047569827 -0.051262309 -3.046755 7.2159987 0.32071105 -0.0001833734 -0.010898726 0.025812771 0.0011472343 -0.10031599 -5.9622414 14.121098 0.62760436 -0.00047432836 -0.028191518 0.066769385 0.0029675282
6.3130831 4.6134069 6.3679067 0.48562178 0.038368195 0.028038297 0.038701389 0.0029513996 0.90126362 0.65861572 0.9090903 0.069327971 2.1862407 1.5976374 2.2052263 0.16817236 3.5610443 2.6023016 3.5919689 0.27392649
-5.7770009 4.7744247 7.2015546 0.50257103 -0.49145847 0.40616776 0.61264748 0.042754501 -5.0920825 4.2083713 6.3477419 0.44298645 -0.014949113 0.012354753 0.018635423 0.0013005003 -0.11940343 0.098681427 0.14884719 0.010387519
0.0021699681 -0.62623201 1.1553877 0.048171693 0.014046011 -4.0535443 7.4787222 0.3118111 4.9948468e-05 -0.01441465 0.02659479 0.0011088192 0.028777098 -8.3047948 15.322209 0.63883037 3.5145473e-06 -0.0010142647 0.0018713016 7.8020361e-05
0.96261061 0.13960057 0.25916439 0.07404697 0.0097954906 0.0014205703 0.0026372475 0.00075349927 0.77273928 0.11206488 0.20804519 0.059441483 1.1159407 0.16183694 0.30044557 0.085841591 10.138914 1.4703746 2.7297076 0.77991646
0.0075200571 -0.611618 1.0585696 0.047047539 0.049601572 -4.0341734 6.9822232 0.31032103 0.00017203319 -0.013991728 0.024216452 0.0010762868 0.10254588 -8.3402168 14.434991 0.64155514 0 -0 0 0
5.1611495 -0.55641908 9.4328995 0.3970115 0.11347819 -0.012233986 0.20740115 0.0087290915 0.062630797 -0.0067521723 0.11446869 0.0048177536 7.6142027 -0.82088064 13.916281 0.5857079 0.048538761 -0.0052329221 0.088713039 0.0037337509
0.17039545 1.1793719 0.3175232 0.090720913 0.0010897657 0.0075426838 0.0020307226 0.00058020644 0.74868413 5.1819284 1.3951346 0.39860988 0.12173627 0.84258316 0.22684931 0.064814089 0.83633217 5.7885739 1.5584622 0.44527491
-0.08433577 0.019511896 0.031071073 0.0088774495 -0.12785109 0.029579586 0.047103033 0.01345801 -5.5779344 1.2905091 2.0550284 0.58715098 -0.0010058538 0.00023271401 0.00037057772 0.00010587935 -3.7088729 0.85808362 1.3664269 0.39040768
0.81093067 0.13968446 0.26029485 0.074369958 0.0063677022 0.0010968497 0.0020439233 0.00058397808 0.66463264 0.11448433 0.21333569 0.060953054 0.18080133 0.031143398 0.058034129 0.01658118 9.2412765 1.5918287 2.9662914 0.84751183
0 -0 0 0 0 -0.13648994 0.025142884 0.014367362 0 -0.074930487 0.013802984 0.0078874197 0 -0.93361108 0.17198099 0.09827485 0 -8.3549685 1.5390731 0.87947037
-0.14904573 0.024563026 0.35300305 0.015689025 -9.0374054 1.489382 21.404381 0.95130583 -0.03807021 0.0062740446 0.090166287 0.0040073905 -0.24158592 0.039813828 0.57217717 0.025430096 -0.033892764 0.0055855933 0.080272335 0.0035676593
0.015354208 -0.55225796 1.0988591 0.048838182 0.097196913 -3.4959648 6.9561201 0.30916089 0.00034288701 -0.012332911 0.024539496 0.0010906443 0.20103289 -7.2307226 14.38738 0.63943913 0.00046251453 -0.016635657 0.033100914 0.0014711517
0.18213985 0.81297814 0.29951826 0.085576647 0.00080640257 0.0035993642 0.0013260815 0.00037888044 0.83007256 3.7050148 1.3650054 0.39000155 0.13251308 0.5914699 0.21790996 0.062259989 0.9828508 4.3869378 1.6162403 0.46178293
3.595626 -0.71356051 9.8406607 0.37848695 0.1070209 -0.021238551 0.2928993 0.011265358 0.03574984 -0.0070946406 0.097841668 0.0037631411 5.7616032 -1.1434038 15.768598 0.60648455 0 -0 0 0
3.5613834 -0.75399982 9.2297944 0.37488246 0.12824942 -0.02715238 0.33237527 0.013499939 0.034495184 -0.0073031626 0.089398814 0.003631072 5.7737357 -1.2223889 14.963397 0.60776165 0.0021362937 -0.00045228633 0.0055364866 0.00022487302
-0.082893673 0.016388845 0.2268669 0.0087256498 -9.4162238 1.8616745 25.770718 0.99118146 -0 0 0 0 -0 0 0 0 -0.00088248888 0.00017447621 0.0024152327 9.2893567e-05
4.591539 4.591539 6.205905 0.4833199 0.028833952 0.028833952 0.038971849 0.0030351528 0.70005903 0.70005903 0.94619687 0.073690424 1.6223689 1.6223689 2.1927871 0.17077567 2.5571991 2.5571991 3.4562997 0.26917885
0.00013159106 -0.0047238506 0.0014771839 0.00042205254 0.0072303526 -0.2595549 0.081164785 0.023189939 0.00064977996 -0.023325775 0.0072941465 0.0020840419 0.13795729 -4.9523852 1.5486484 0.44247097 0.16581933 -5.9525756 1.8614155 0.531833
-0.41804269 9.4337885 25.818789 0.99303036 -0.0012927662 0.029173296 0.079842704 0.0030708732 -0 0 0 0 -0.0013184308 0.029752458 0.08142778 0.0031318377 -0.00032285797 0.007285796 0.019940073 0.00076692589
-0.15541294 -0.35205271 0.76136282 0.033838348 -1.9198896 -4.3490737 9.4054751 0.41802111 -0.0083115964 -0.018828033 0.040718234 0.0018096993 -2.3934237 -5.4217576 11.725303 0.52112458 -0.11576746 -0.26224487 0.56714091 0.025206263
-0.15372047 -0.32378416 0.76685723 0.034082543 -1.8818768 -3.9638305 9.3880197 0.41724532 -0.0079785423 -0.016805345 0.039802133 0.0017689837 -2.3581379 -4.9669877 11.763918 0.52284081 -0.10852697 -0.22859229 0.5414028 0.024062346
5.8245602 2.2957055 14.445063 0.6131116 0.042910019 0.016912653 0.10641798 0.0045168441 0.037647876 0.01483862 0.093367727 0.0039629343 3.5457532 1.3975313 8.7935616 0.37323718 0.04912869 0.019363694 0.12184045 0.005171441
-0.080642244 0.019683015 0.018480969 0.0084886572 -0.12473607 0.030445357 0.028586051 0.013130112 -5.5995279 1.3667228 1.2832567 0.58942399 -0 0 0 0 -3.6950938 0.90189191 0.84681315 0.38895724
-0.0012465825 -0.0004917864 0.0030914736 0.00013121921 -6.9448743 -2.7398064 17.223004 0.7310394 -0 -0 0 0 -2.2942408 -0.90509565 5.6896232 0.24149903 -0.25963838 -0.10242934 0.64389256 0.027330356
0.1514637 0.97369522 0 0.086550686 0 0 0 0 0.6980178 4.4872573 0 0.39886731 0.093148224 0.59881001 0 0.053227557 0.80737028 5.1902375 0 0.46135444
0.16285488 0.82062449 0 0.086381525 5.4683759e-05 0.00027555104 0 2.9005373e-05 0.74749261 3.7666096 0 0.39648522 0.10133432 0.51062285 0 0.053749773 0.87356105 4.4018675 0 0.46335447
0.62771782 0.10333216 0.096597359 0.06607556 0 0 0 0 0.59890162 0.098588561 0.092162932 0.063042276 0 0 0 0 8.2733806 1.3619277 1.2731624 0.87088216
-0.26580092 0.038547217 0.46004005 0.020446224 -12.632764 1.8320399 21.864399 0.97175105 -0.052296292 0.0075841593 0.090512814 0.0040227917 -0.047483049 0.0068861289 0.082182201 0.0036525423 -0.0016560505 0.00024016523 0.0028662413 0.0001273885
6.8665479 1.9162443 13.027111 0.57898271 0.060087614 0.016768622 0.11399731 0.0050665473 0.060691512 0.016937151 0.11514302 0.0051174676 4.7575976 1.3277005 9.0260424 0.40115744 0.11475222 0.032023848 0.21770618 0.0096758303
4.5798708 5.3956114 6.1156271 0.48209166 0.024819053 0.029239682 0.033141563 0.0026125319 0.73227499 0.86270366 0.97782688 0.077081578 1.5822627 1.8640863 2.1128388 0.16655397 2.5807725 3.0404451 3.4461763 0.27166026
-0.21883409 0.57352466 0.065337738 0.060371017 -0.0064263702 0.016842357 0.0019187344 0.0017728797 -2.2001637 5.7662322 0.65690735 0.60697181 -0.096263296 0.25228873 0.028741528 0.026556709 -1.1031328 2.891112 0.3293646 0.30432758
0.0080760088 -0.47999439 1.3136688 0.050525725 0.049459204 -2.9395882 8.0451887 0.30943034 0.00018409945 -0.010941878 0.029946193 0.0011517766 0.10195304 -6.0595387 16.584001 0.63784618 0.0001671894 -0.0099368356 0.02719555 0.0010459827
0 -0 0 0 0.0029196731 -0.17644929 0.065007632 0.018573609 0.0006808858 -0.041149064 0.015160181 0.0043314804 0.04323765 -2.6130503 0.96270273 0.27505792 0.1103565 -6.6693514 2.4571295 0.70203699
5.2139554 -0.5230491 9.0241535 0.40107349 0.10675595 -0.010709451 0.18476991 0.0082119958 0.060048723 -0.0060239163 0.10393048 0.0046191325 7.5805878 -0.7604629 13.120248 0.58312214 0.038652211 -0.0038774793 0.066898057 0.002973247
5.7520961 2.2085092 13.623386 0.6054838 0.043066401 0.016535284 0.10199937 0.0045333053 0.041018108 0.015748845 0.097148151 0.0043176956 3.6023851 1.3831307 8.5319647 0.37919843 0.061434269 0.023587602 0.14550222 0.0064667652
-0.19544382 -0.16589546 0.23250492 0.01746268 -4.1087212 -3.4875403 4.8878389 0.36710951 -0.02098055 -0.017808586 0.024958994 0.001874588 -3.3356861 -2.8313772 3.9682167 0.29803971 -3.5312545 -2.9973784 4.2008698 0.31551352
-0.14843424 -0.32959051 0.8686663 0.034693738 -1.7942984 -3.9841463 10.500586 0.41938382 -0.0065410988 -0.01452417 0.038279794 0.00152886 -2.2532577 -5.0032417 13.186506 0.52665702 -0.075884382 -0.16849732 0.44409029 0.01773656
-0 -0 0 0 -6.9831247 -2.6837556 16.53898 0.73506576 -0.00042101305 -0.0001618038 0.00099713616 4.4317163e-05 -2.2504164 -0.86488041 5.3299336 0.23688594 -0.26603784 -0.10224371 0.63008963 0.028003983
-4.9552996 4.9552996 7.5975792 0.52161048 -0.3258691 0.3258691 0.49963 0.034302011 -4.1295119 4.1295119 6.3314626 0.43468546 -0.016077046 0.016077046 0.024649697 0.0016923206 -0.073242411 0.073242411 0.11229695 0.0077097275
-0.027918923 -0.0080671556 0.052865735 0.0023495882 -8.794776 -2.5412451 16.653304 0.74014684 -0.0090787271 -0.0026232926 0.017190978 0.00076404347 -2.6635574 -0.76963329 5.0435658 0.22415848 -0.38714351 -0.11186488 0.73307364 0.032581051
-0.27688531 0.68399664 0.25199876 0.071999646 -0.0056634759 0.013990625 0.0051544407 0.0014726973 -2.3802326 5.8799476 2.1662965 0.61894185 -0.096675167 0.23881906 0.087985969 0.025138848 -1.0861916 2.6832461 0.98856436 0.28244696
-0.30155092 0.80565127 0.26792893 0.076551122 -0.005470777 0.014616233 0.0048608023 0.0013888007 -2.4506439 6.5473664 2.1774047 0.62211562 -0.097680041 0.26097101 0.086789019 0.024796862 -1.0838641 2.8957512 0.96301657 0.27514759
-0.15625842 9.4434157 22.365985 0.99404376 -0 0 0 0 -0.00036016463 0.021766407 0.051552016 0.0022912007 -0 0 0 0 -0.00057612436 0.034817848 0.082463324 0.0036650366
7.4081251 1.8266846 12.821755 0.56985578 0.06847468 0.016884386 0.11851387 0.0052672831 0.071307328 0.017582856 0.12341653 0.0054851791 5.3109143 1.3095574 9.1919671 0.40853187 0.1411786 0.03481161 0.24434757 0.010859892
-0.088037369 -0.44676722 0.92596927 0.04115419 -0.77839317 -3.9501471 8.1870705 0.3638698 -0.0030961046 -0.015711942 0.032564555 0.0014473135 -1.2428895 -6.3073475 13.072602 0.58100452 -0.026791812 -0.13596162 0.28179391 0.012524174
0.13723907 1.1049144 0 0.084993412 0.00011614116 0.00093505464 0 7.192728e-05 0.65709132 5.2902546 0 0.40694266 0.087516261 0.70459507 0 0.054199621 0.73273967 5.8993009 0 0.45379238
-0.083870698 -0.39534933 0.93635367 0.041615719 -0.73021022 -3.4420617 8.1522515 0.36232229 -0.0028231347 -0.01330768 0.03151819 0.0014008084 -1.1757056 -5.5420358 13.125874 0.58337219 -0.022751398 -0.10724544 0.25400236 0.011288994
-0 -0 0 0 -8.0958269 -0.74288565 20.528816 0.8521923 -0 -0 0 0 -1.2570294 -0.11534697 3.1874848 0.13231888 -0.14714375 -0.013502139 0.37311654 0.015488815
4.6467303 0.4238442 11.783314 0.4891295 0.069052286 0.0062984957 0.1751048 0.0072686617 0.036468693 0.0033264345 0.092478372 0.0038388097 4.7281634 0.43127199 11.989814 0.49770141 0.019585349 0.0017864468 0.049665099 0.0020616157
5.0268649 -0.62437624 10.05373 0.38668191 0.12794051 -0.015891219 0.25588102 0.0098415775 0.052943785 -0.0065760354 0.10588757 0.0040725989 7.7861024 -0.96709529 15.572205 0.59893095 0.0061484458 -0.00076368543 0.012296892 0.00047295737
-0 0 0 0 -12.923273 1.6051724 25.846546 0.99409794 -0.010877557 0.0013510784 0.021755115 0.00083673518 -0.065818832 0.0081752177 0.13163766 0.0050629871 -3.0437662e-05 3.7805975e-06 6.0875324e-05 2.3413586e-06
-0.0054514908 -0.63987217 1.2797443 0.049220936 -0.034690838 -4.071859 8.1437179 0.31321992 -0.00013176222 -0.015465674 0.030931348 0.0011896672 -0.070393601 -8.2624932 16.524986 0.6355764 -8.7837619e-05 -0.010309996 0.020619991 0.00079307659
-0.038915517 -0.0018221226 0.077159727 0.0034293212 -9.7869698 -0.45825059 19.40511 0.86244935 -0.018825002 -0.00088143404 0.037325265 0.0016589007 -1.3154692 -0.061593583 2.608246 0.11592205 -0.18769823 -0.0087885041 0.37215859 0.016540382
5.3592587 0.24857583 10.626937 0.4723083 0.076799755 0.0035621648 0.15228713 0.006768317 0.050334688 0.0023346488 0.099809242 0.0044359663 5.8158421 0.26975331 11.532301 0.51254673 0.044714785 0.0020739836 0.088665472 0.0039406876
-0.0011410219 -8.7265634e-05 0.0027024202 0.00012010757 -8.1495807 -0.62328194 19.301639 0.8578506 -0.0067460684 -0.00051594098 0.015977531 0.00071011247 -1.2065643 -0.092278337 2.8576524 0.12700677 -0.13596787 -0.010398856 0.32202916 0.014312407
6.0211381 0.1738328 10.4212 0.46316447 0.088378436 0.0025515228 0.15296268 0.0067983412 0.065625567 0.0018946379 0.11358271 0.0050481206 6.7450789 0.19473328 11.674175 0.51885222 0.079779035 0.0023032545 0.1380791 0.0061368488
-0.077771897 -0.40488027 1.0478366 0.042618976 -0.65927726 -3.4321955 8.8825765 0.36128374 -0.0022989355 -0.011968252 0.030974025 0.001259816 -1.0703132 -5.5720474 14.420547 0.58653131 -0.015157236 -0.078908529 0.20421653 0.008306161
-0.23183591 0.83145275 0 0.063957904 -0 0 0 0 -2.2495407 8.0677185 0 0.62059373 -0.099078294 0.35533288 0 0.027333298 -1.0443653 3.7454958 0 0.28811506
4.5850507 0.34811033 10.859331 0.48263691 0.06509278 0.0049420325 0.15416711 0.0068518716 0.037944372 0.0028808467 0.08986825 0.0039941445 4.7888063 0.36358006 11.34191 0.50408488 0.023105839 0.0017542623 0.054724356 0.0024321936
-0.19453217 -0.26620191 0.53240383 0.02047707 -4.9646937 -6.7937914 13.587583 0.52259934 -0.022813246 -0.031218127 0.062436253 0.0024013944 -3.9619511 -5.4216172 10.843234 0.41704748 -0.35600978 -0.48717128 0.97434257 0.037474714
-0.18925031 -0.1382983 0.37850062 0.014557716 -7.1684883 -5.2385107 14.336977 0.55142218 -0.020298117 -0.014833239 0.040596234 0.0015613936 -5.0595731 -3.6973803 10.119146 0.38919793 -0.56239021 -0.41097746 1.1247804 0.043260785
-0.33723758 0.461483 0 0.035498692 -0.00027825586 0.00038077118 0 2.9290091e-05 -8.4441984 11.555219 0 0.88886299 -0.0062128134 0.0085017447 0 0.00065398036 -0.71207295 0.97441562 0 0.074955048
-0 -0 0 0 -9.7274484 -2.5691192 19.454897 0.74826526 -0 -0 0 0 -2.9605453 -0.78191047 5.9210906 0.22773425 -0.31200628 -0.082404069 0.62401256 0.024000483
-0.15249787 -0.46336597 0.92673193 0.035643536 -1.7628599 -5.3564636 10.712927 0.41203566 -0.0076131423 -0.023132592 0.046265184 0.0017794302 -2.2834609 -6.9383138 13.876628 0.53371645 -0.071984042 -0.21872407 0.43744815 0.016824929
0.58528161 0.97672903 0 0.10281358 0.0003096762 0.00051679351 0 5.4399317e-05 1.4901387 2.4867717 0 0.26176544 0.63490301 1.0595382 0 0.11153033 2.9820158 4.9764443 0 0.52383624
-5.1097157 2.2375244 8.8437387 0.39305506 -7.4484432 3.2616439 12.891536 0.57295717 -0.41252463 0.18064291 0.71398494 0.031732664 -0 0 0 0 -0.029316401 0.012837536 0.050739925 0.0022551078
-6.6652111 9.1208153 13.114784 0.70160117 -0.46496124 0.63626274 0.91487969 0.048943288 -2.2968014 3.1429914 4.5192949 0.24176857 -0.021844616 0.029892633 0.042982499 0.0022994333 -0.051181609 0.070037991 0.10070735 0.0053875378
0.33893388 -0.66665122 1.8245191 0.070173812 1.0210536 -2.0083169 5.4964462 0.21140178 0.0038852508 -0.0076419247 0.020914741 0.00080441312 3.4492042 -6.7842617 18.567453 0.71413282 0.016842819 -0.033128249 0.090666786 0.0034871841
-0.077041574 0.88170704 0.2787241 0.079635458 -0.0007781698 0.0089058122 0.002815294 0.00080436972 -0.48876196 5.5936663 1.7682627 0.5052179 -0.039621683 0.45345279 0.14334492 0.040955691 -0.36122464 4.1340576 1.306853 0.37338658
-0.064238922 0.74073941 0.27290399 0.077972569 -0.0006630595 0.0076457431 0.0028168527 0.00080481507 -0.41150715 4.7450915 1.7481916 0.49948332 -0.033640649 0.38791054 0.14291441 0.040832688 -0.31381588 3.6186128 1.3331731 0.38090661
-0.049320049 0.71747744 0.12308163 0.075523941 -0.00055851382 0.0081249121 0.0013938102 0.00085525391 -0.32033588 4.6600474 0.79942054 0.49053131 -0.026490371 0.38536547 0.066108571 0.040564786 -0.25633379 3.7289848 0.63969886 0.39252471
-0.22606117 -0.16519854 0.31001762 0.01738932 -5.9378601 -4.3392055 8.1431114 0.45675847 -0.041708251 -0.030479107 0.057198204 0.003208327 -4.3872112 -3.206039 6.0165698 0.33747779 -2.4071592 -1.7590779 3.3011498 0.18516609
